ENL	Mask	Tolerance	Homogeneous_Areas	M_estimator
1	15	5.000		12			1.293260
1	15	5.000		18			1.043942
1	15	5.000		15			1.422119
1	15	5.000		15			0.935304
1	15	5.000		17			0.938494
1	15	5.000		21			0.929272
1	15	5.000		20			1.467343
1	15	5.000		14			1.045103
1	15	5.000		10			1.011367
1	15	5.000		17			1.345181
1	15	5.000		19			1.353690
1	15	5.000		19			1.164931
1	15	5.000		15			1.215872
1	15	5.000		9			1.064128
1	15	5.000		14			1.085964
1	15	5.000		16			1.230518
1	15	5.000		18			1.236924
1	15	5.000		14			1.034986
1	15	5.000		18			1.439943
1	15	5.000		13			1.543835
1	15	5.000		16			1.152041
1	15	5.000		17			1.371113
1	15	5.000		16			1.160039
1	15	5.000		17			1.449144
1	15	5.000		14			1.579436
1	15	5.000		15			1.075372
1	15	5.000		20			1.135312
1	15	5.000		15			1.300198
1	15	5.000		14			1.506415
1	15	5.000		11			1.252978
1	15	5.000		16			1.310091
1	15	5.000		17			1.261860
1	15	5.000		15			1.299364
1	15	5.000		16			1.550997
1	15	5.000		23			1.219562
1	15	5.000		14			0.903294
1	15	5.000		22			1.327370
1	15	5.000		20			1.181956
1	15	5.000		18			1.374897
1	15	5.000		20			1.402975
1	15	5.000		16			1.132394
1	15	5.000		13			0.906675
1	15	5.000		14			1.267435
1	15	5.000		20			1.149242
1	15	5.000		8			1.194620
1	15	5.000		9			1.258243
1	15	5.000		13			1.325443
1	15	5.000		21			1.198874
1	15	5.000		21			1.033856
1	15	5.000		12			1.018127
1	15	5.000		21			1.245142
1	15	5.000		19			1.203378
1	15	5.000		16			1.259238
1	15	5.000		18			0.990420
1	15	5.000		21			1.417775
1	15	5.000		16			1.090428
1	15	5.000		18			1.152418
1	15	5.000		20			1.095932
1	15	5.000		12			0.774905
1	15	5.000		8			1.324441
1	15	5.000		18			1.210948
1	15	5.000		20			1.399529
1	15	5.000		11			1.193162
1	15	5.000		17			1.452299
1	15	5.000		9			1.257485
1	15	5.000		16			1.158225
1	15	5.000		9			1.245480
1	15	5.000		16			1.196556
1	15	5.000		16			1.144886
1	15	5.000		23			1.201371
1	15	5.000		13			0.787050
1	15	5.000		18			1.129228
1	15	5.000		10			0.994951
1	15	5.000		14			1.291953
1	15	5.000		12			1.717907
1	15	5.000		18			1.381829
1	15	5.000		16			1.270350
1	15	5.000		21			1.044906
1	15	5.000		17			1.018062
1	15	5.000		21			1.252995
1	15	5.000		11			1.209700
1	15	5.000		11			0.927394
1	15	5.000		15			1.501763
1	15	5.000		18			1.105420
1	15	5.000		13			1.413099
1	15	5.000		18			1.427303
1	15	5.000		18			1.245773
1	15	5.000		8			1.005690
1	15	5.000		14			1.420825
1	15	5.000		19			0.890414
1	15	5.000		10			1.441961
1	15	5.000		16			1.083683
1	15	5.000		16			1.386031
1	15	5.000		23			1.053023
1	15	5.000		17			1.326489
1	15	5.000		12			1.103763
1	15	5.000		11			1.151383
1	15	5.000		16			0.947728
1	15	5.000		15			1.169586
1	15	5.000		15			1.043842
1	15	10.000		25			1.359701
1	15	10.000		30			1.112103
1	15	10.000		31			1.135690
1	15	10.000		34			1.057212
1	15	10.000		29			1.301583
1	15	10.000		37			1.035384
1	15	10.000		37			1.037513
1	15	10.000		29			1.290767
1	15	10.000		34			1.034859
1	15	10.000		32			1.337035
1	15	10.000		31			1.200902
1	15	10.000		24			1.410239
1	15	10.000		31			1.228125
1	15	10.000		32			1.110270
1	15	10.000		26			1.423210
1	15	10.000		27			0.998797
1	15	10.000		35			1.233948
1	15	10.000		28			0.952966
1	15	10.000		29			1.172878
1	15	10.000		35			1.207214
1	15	10.000		31			1.329697
1	15	10.000		24			1.225228
1	15	10.000		26			1.546357
1	15	10.000		29			1.163763
1	15	10.000		27			0.936934
1	15	10.000		26			1.264918
1	15	10.000		27			1.095480
1	15	10.000		33			1.274810
1	15	10.000		30			1.403052
1	15	10.000		33			1.489092
1	15	10.000		34			1.110341
1	15	10.000		27			1.335688
1	15	10.000		29			1.171494
1	15	10.000		33			1.090072
1	15	10.000		26			1.224450
1	15	10.000		34			1.225512
1	15	10.000		36			1.337160
1	15	10.000		30			1.164279
1	15	10.000		32			1.227416
1	15	10.000		27			1.232220
1	15	10.000		34			1.319459
1	15	10.000		29			1.088449
1	15	10.000		28			1.186914
1	15	10.000		34			1.134525
1	15	10.000		31			1.110015
1	15	10.000		26			1.299734
1	15	10.000		35			1.432045
1	15	10.000		29			1.251884
1	15	10.000		33			1.227999
1	15	10.000		25			1.126088
1	15	10.000		27			1.588151
1	15	10.000		25			1.128694
1	15	10.000		30			1.211076
1	15	10.000		30			1.015729
1	15	10.000		23			1.123347
1	15	10.000		32			1.334828
1	15	10.000		34			1.254631
1	15	10.000		40			1.406971
1	15	10.000		40			1.353018
1	15	10.000		22			1.240907
1	15	10.000		26			1.106169
1	15	10.000		27			0.938838
1	15	10.000		31			1.342577
1	15	10.000		31			1.247531
1	15	10.000		27			1.171616
1	15	10.000		33			1.433423
1	15	10.000		37			1.237186
1	15	10.000		37			1.180339
1	15	10.000		30			1.291331
1	15	10.000		26			1.317773
1	15	10.000		24			1.475643
1	15	10.000		33			1.322796
1	15	10.000		30			1.125131
1	15	10.000		26			1.054691
1	15	10.000		30			1.407741
1	15	10.000		33			1.197587
1	15	10.000		38			1.237507
1	15	10.000		31			1.294894
1	15	10.000		23			1.336648
1	15	10.000		31			1.130325
1	15	10.000		25			1.168916
1	15	10.000		31			1.082280
1	15	10.000		37			1.177399
1	15	10.000		32			1.257518
1	15	10.000		36			1.117362
1	15	10.000		36			1.227539
1	15	10.000		32			1.283454
1	15	10.000		26			1.357142
1	15	10.000		37			1.311361
1	15	10.000		36			1.293283
1	15	10.000		28			1.314151
1	15	10.000		32			1.125390
1	15	10.000		25			1.189829
1	15	10.000		21			1.243430
1	15	10.000		31			1.250365
1	15	10.000		27			1.309217
1	15	10.000		23			1.115706
1	15	10.000		25			1.199577
1	15	10.000		29			1.163667
1	15	10.000		34			1.362698
1	25	5.000		4			0.686739
1	25	5.000		4			1.058822
1	25	5.000		1			1.389900
1	25	5.000		3			0.614600
1	25	5.000		7			1.081159
1	25	5.000		1			0.565999
1	25	5.000		3			1.335723
1	25	5.000		6			1.009474
1	25	5.000		7			1.205735
1	25	5.000		4			1.470723
1	25	5.000		4			1.463788
1	25	5.000		7			0.907930
1	25	5.000		3			1.299075
1	25	5.000		6			1.213770
1	25	5.000		2			1.088246
1	25	5.000		2			1.473889
1	25	5.000		0			NaN
1	25	5.000		10			1.230460
1	25	5.000		4			1.399668
1	25	5.000		3			1.308627
1	25	5.000		4			0.861191
1	25	5.000		5			1.527223
1	25	5.000		4			1.139730
1	25	5.000		6			1.110268
1	25	5.000		6			1.154455
1	25	5.000		2			0.992367
1	25	5.000		3			1.031457
1	25	5.000		7			1.166841
1	25	5.000		6			1.378693
1	25	5.000		4			0.878611
1	25	5.000		3			0.535034
1	25	5.000		3			1.190818
1	25	5.000		4			1.001286
1	25	5.000		7			0.940792
1	25	5.000		8			1.102398
1	25	5.000		1			1.245326
1	25	5.000		5			1.443712
1	25	5.000		5			1.005077
1	25	5.000		4			1.270146
1	25	5.000		2			1.167974
1	25	5.000		3			0.955195
1	25	5.000		5			0.993095
1	25	5.000		2			0.817751
1	25	5.000		5			0.948268
1	25	5.000		3			0.337296
1	25	5.000		5			1.572289
1	25	5.000		4			0.684852
1	25	5.000		4			1.368192
1	25	5.000		5			0.993953
1	25	5.000		2			1.315094
1	25	5.000		5			0.841458
1	25	5.000		4			1.301199
1	25	5.000		4			0.856342
1	25	5.000		6			0.840912
1	25	5.000		3			1.311199
1	25	5.000		6			0.913060
1	25	5.000		4			1.396916
1	25	5.000		7			1.028124
1	25	5.000		4			0.919144
1	25	5.000		7			0.978205
1	25	5.000		3			0.699504
1	25	5.000		6			0.838139
1	25	5.000		4			1.266477
1	25	5.000		3			1.194402
1	25	5.000		6			1.011990
1	25	5.000		6			0.934653
1	25	5.000		3			1.262431
1	25	5.000		8			1.203910
1	25	5.000		3			1.384636
1	25	5.000		5			0.762142
1	25	5.000		1			0.433276
1	25	5.000		1			1.589158
1	25	5.000		1			1.441157
1	25	5.000		1			0.599596
1	25	5.000		7			1.035763
1	25	5.000		6			0.923596
1	25	5.000		1			1.317036
1	25	5.000		1			2.269570
1	25	5.000		2			1.261933
1	25	5.000		5			1.171022
1	25	5.000		4			1.102846
1	25	5.000		7			0.901661
1	25	5.000		3			1.454731
1	25	5.000		5			1.241794
1	25	5.000		5			0.951397
1	25	5.000		2			1.392477
1	25	5.000		2			0.713366
1	25	5.000		6			1.064149
1	25	5.000		2			0.786255
1	25	5.000		4			0.655946
1	25	5.000		1			0.641558
1	25	5.000		6			1.291064
1	25	5.000		6			0.988350
1	25	5.000		1			1.896849
1	25	5.000		2			0.830614
1	25	5.000		3			1.247051
1	25	5.000		2			1.108004
1	25	5.000		2			1.504637
1	25	5.000		3			0.842783
1	25	5.000		3			0.580296
1	25	10.000		11			1.067883
1	25	10.000		9			1.054137
1	25	10.000		11			0.910177
1	25	10.000		12			1.217012
1	25	10.000		10			1.077156
1	25	10.000		7			1.141119
1	25	10.000		13			1.052651
1	25	10.000		10			0.730994
1	25	10.000		12			1.177530
1	25	10.000		8			1.532172
1	25	10.000		9			1.097047
1	25	10.000		10			0.971057
1	25	10.000		10			1.198724
1	25	10.000		8			1.390176
1	25	10.000		13			1.087258
1	25	10.000		12			1.075937
1	25	10.000		6			0.945561
1	25	10.000		8			1.118303
1	25	10.000		13			0.886225
1	25	10.000		12			1.087021
1	25	10.000		4			0.958267
1	25	10.000		5			1.256882
1	25	10.000		12			1.172658
1	25	10.000		11			0.946757
1	25	10.000		7			1.033762
1	25	10.000		10			0.810281
1	25	10.000		4			0.969185
1	25	10.000		9			1.179470
1	25	10.000		9			1.161179
1	25	10.000		9			1.135243
1	25	10.000		8			1.230961
1	25	10.000		8			0.997958
1	25	10.000		12			1.053146
1	25	10.000		11			1.286903
1	25	10.000		13			1.096479
1	25	10.000		6			1.157288
1	25	10.000		9			1.140409
1	25	10.000		11			1.376536
1	25	10.000		11			1.032698
1	25	10.000		10			0.962689
1	25	10.000		8			1.011106
1	25	10.000		9			0.811463
1	25	10.000		6			1.138723
1	25	10.000		8			0.844134
1	25	10.000		10			1.081087
1	25	10.000		7			1.271634
1	25	10.000		9			1.191453
1	25	10.000		6			1.376823
1	25	10.000		12			1.105104
1	25	10.000		10			1.239061
1	25	10.000		6			1.291563
1	25	10.000		12			1.164911
1	25	10.000		10			1.389148
1	25	10.000		9			1.099935
1	25	10.000		7			1.001509
1	25	10.000		6			0.896195
1	25	10.000		8			1.376771
1	25	10.000		12			1.266247
1	25	10.000		12			0.876524
1	25	10.000		6			1.256716
1	25	10.000		12			1.166362
1	25	10.000		12			1.016546
1	25	10.000		10			1.077362
1	25	10.000		13			1.004978
1	25	10.000		11			1.149062
1	25	10.000		9			0.890651
1	25	10.000		12			1.107014
1	25	10.000		13			1.022210
1	25	10.000		8			0.707350
1	25	10.000		10			1.168446
1	25	10.000		12			0.944742
1	25	10.000		12			1.114224
1	25	10.000		12			1.081832
1	25	10.000		8			0.897131
1	25	10.000		12			0.861344
1	25	10.000		10			1.121437
1	25	10.000		10			0.984714
1	25	10.000		12			1.298791
1	25	10.000		9			1.077628
1	25	10.000		8			1.022396
1	25	10.000		10			1.198971
1	25	10.000		12			0.966580
1	25	10.000		10			1.141302
1	25	10.000		7			1.230450
1	25	10.000		5			0.669589
1	25	10.000		12			1.176781
1	25	10.000		9			0.773912
1	25	10.000		8			1.169207
1	25	10.000		11			1.263924
1	25	10.000		8			1.056746
1	25	10.000		8			1.263979
1	25	10.000		6			1.296199
1	25	10.000		10			1.098191
1	25	10.000		12			1.030357
1	25	10.000		12			1.312068
1	25	10.000		6			0.888252
1	25	10.000		8			1.060220
1	25	10.000		11			1.208384
1	25	10.000		10			1.227523
1	25	10.000		12			0.842031
4	15	5.000		9			0.516602
4	15	5.000		9			0.543494
4	15	5.000		16			0.430621
4	15	5.000		11			0.636548
4	15	5.000		13			0.647368
4	15	5.000		10			0.425213
4	15	5.000		10			0.585807
4	15	5.000		13			0.587866
4	15	5.000		14			0.732066
4	15	5.000		8			0.465048
4	15	5.000		11			0.691746
4	15	5.000		10			0.594244
4	15	5.000		18			0.434071
4	15	5.000		13			0.330437
4	15	5.000		9			0.434800
4	15	5.000		12			0.438677
4	15	5.000		13			0.685717
4	15	5.000		14			0.604062
4	15	5.000		17			0.520793
4	15	5.000		7			0.402158
4	15	5.000		14			0.392012
4	15	5.000		9			0.500420
4	15	5.000		10			0.320305
4	15	5.000		9			0.345282
4	15	5.000		10			0.380096
4	15	5.000		11			0.497933
4	15	5.000		18			0.596878
4	15	5.000		12			0.423370
4	15	5.000		11			0.403759
4	15	5.000		17			0.695153
4	15	5.000		18			0.704695
4	15	5.000		13			0.348534
4	15	5.000		14			0.516813
4	15	5.000		12			0.546791
4	15	5.000		11			0.581259
4	15	5.000		12			0.461452
4	15	5.000		15			0.543524
4	15	5.000		6			0.428886
4	15	5.000		11			0.340132
4	15	5.000		14			0.455867
4	15	5.000		9			0.672009
4	15	5.000		12			0.506100
4	15	5.000		13			0.449761
4	15	5.000		14			0.444262
4	15	5.000		15			0.462399
4	15	5.000		9			0.491956
4	15	5.000		13			0.499558
4	15	5.000		6			0.938666
4	15	5.000		8			0.584643
4	15	5.000		12			0.666443
4	15	5.000		8			0.416869
4	15	5.000		20			0.591094
4	15	5.000		15			0.515632
4	15	5.000		11			0.709211
4	15	5.000		17			0.574312
4	15	5.000		6			0.334385
4	15	5.000		16			0.705403
4	15	5.000		9			0.472142
4	15	5.000		13			0.528437
4	15	5.000		7			0.795938
4	15	5.000		9			0.526400
4	15	5.000		15			0.598147
4	15	5.000		14			0.475263
4	15	5.000		9			0.768506
4	15	5.000		6			0.838566
4	15	5.000		8			0.491543
4	15	5.000		16			0.461243
4	15	5.000		7			0.812999
4	15	5.000		11			0.406704
4	15	5.000		14			0.354854
4	15	5.000		12			0.626577
4	15	5.000		16			0.544354
4	15	5.000		15			0.476870
4	15	5.000		9			0.705136
4	15	5.000		9			0.631447
4	15	5.000		6			0.524564
4	15	5.000		15			0.559026
4	15	5.000		12			0.498786
4	15	5.000		6			0.510348
4	15	5.000		10			0.539392
4	15	5.000		12			0.677056
4	15	5.000		19			0.727832
4	15	5.000		16			0.271815
4	15	5.000		12			0.593897
4	15	5.000		12			0.514154
4	15	5.000		13			0.469005
4	15	5.000		10			0.561756
4	15	5.000		15			0.597089
4	15	5.000		11			0.542136
4	15	5.000		10			0.590683
4	15	5.000		14			0.485076
4	15	5.000		14			0.585647
4	15	5.000		13			0.461168
4	15	5.000		5			0.310613
4	15	5.000		15			0.552299
4	15	5.000		8			0.524992
4	15	5.000		16			0.339256
4	15	5.000		14			0.482962
4	15	5.000		13			0.705255
4	15	5.000		14			0.585017
4	15	10.000		23			0.557296
4	15	10.000		23			0.452166
4	15	10.000		28			0.547047
4	15	10.000		25			0.486254
4	15	10.000		25			0.441359
4	15	10.000		26			0.598652
4	15	10.000		24			0.466005
4	15	10.000		27			0.586543
4	15	10.000		21			0.515321
4	15	10.000		20			0.500193
4	15	10.000		27			0.449100
4	15	10.000		24			0.438246
4	15	10.000		21			0.626817
4	15	10.000		26			0.498723
4	15	10.000		31			0.576139
4	15	10.000		17			0.440518
4	15	10.000		22			0.438275
4	15	10.000		21			0.494796
4	15	10.000		27			0.608608
4	15	10.000		25			0.613210
4	15	10.000		27			0.496090
4	15	10.000		25			0.452658
4	15	10.000		26			0.528605
4	15	10.000		27			0.501728
4	15	10.000		22			0.452122
4	15	10.000		23			0.546645
4	15	10.000		26			0.612552
4	15	10.000		20			0.477888
4	15	10.000		23			0.615067
4	15	10.000		28			0.534538
4	15	10.000		21			0.594232
4	15	10.000		21			0.573113
4	15	10.000		21			0.623634
4	15	10.000		21			0.444763
4	15	10.000		25			0.390558
4	15	10.000		21			0.470273
4	15	10.000		24			0.638309
4	15	10.000		23			0.526489
4	15	10.000		33			0.517653
4	15	10.000		26			0.544463
4	15	10.000		26			0.538283
4	15	10.000		21			0.449670
4	15	10.000		21			0.468823
4	15	10.000		24			0.660367
4	15	10.000		33			0.520439
4	15	10.000		22			0.473371
4	15	10.000		27			0.591938
4	15	10.000		21			0.472906
4	15	10.000		30			0.536019
4	15	10.000		22			0.523557
4	15	10.000		27			0.468030
4	15	10.000		16			0.517857
4	15	10.000		26			0.458470
4	15	10.000		17			0.455291
4	15	10.000		25			0.482327
4	15	10.000		24			0.532628
4	15	10.000		29			0.601048
4	15	10.000		24			0.410121
4	15	10.000		21			0.571234
4	15	10.000		25			0.615627
4	15	10.000		30			0.545887
4	15	10.000		25			0.619831
4	15	10.000		19			0.520872
4	15	10.000		14			0.523718
4	15	10.000		25			0.528352
4	15	10.000		15			0.673667
4	15	10.000		30			0.578251
4	15	10.000		25			0.577240
4	15	10.000		23			0.471953
4	15	10.000		23			0.437832
4	15	10.000		28			0.544388
4	15	10.000		26			0.456741
4	15	10.000		26			0.429648
4	15	10.000		30			0.571230
4	15	10.000		21			0.364553
4	15	10.000		32			0.488746
4	15	10.000		23			0.494942
4	15	10.000		27			0.479799
4	15	10.000		25			0.544389
4	15	10.000		21			0.467594
4	15	10.000		22			0.547202
4	15	10.000		22			0.528930
4	15	10.000		31			0.503405
4	15	10.000		29			0.635785
4	15	10.000		30			0.548280
4	15	10.000		23			0.589198
4	15	10.000		25			0.541942
4	15	10.000		23			0.465924
4	15	10.000		18			0.532033
4	15	10.000		25			0.615359
4	15	10.000		28			0.473575
4	15	10.000		24			0.646119
4	15	10.000		27			0.537079
4	15	10.000		20			0.544376
4	15	10.000		24			0.460465
4	15	10.000		26			0.450398
4	15	10.000		26			0.660871
4	15	10.000		21			0.466238
4	15	10.000		23			0.485021
4	15	10.000		29			0.590124
4	25	5.000		1			0.563630
4	25	5.000		1			0.147386
4	25	5.000		0			NaN
4	25	5.000		2			0.403963
4	25	5.000		0			NaN
4	25	5.000		1			0.018372
4	25	5.000		1			0.568619
4	25	5.000		1			0.139569
4	25	5.000		1			0.278450
4	25	5.000		1			0.785921
4	25	5.000		2			0.368141
4	25	5.000		1			0.242213
4	25	5.000		1			0.363958
4	25	5.000		0			NaN
4	25	5.000		0			NaN
4	25	5.000		0			NaN
4	25	5.000		1			0.066477
4	25	5.000		4			0.492375
4	25	5.000		3			0.264866
4	25	5.000		3			0.407153
4	25	5.000		0			NaN
4	25	5.000		1			0.013288
4	25	5.000		2			0.376007
4	25	5.000		2			0.221679
4	25	5.000		0			NaN
4	25	5.000		1			0.581662
4	25	5.000		1			0.365107
4	25	5.000		0			NaN
4	25	5.000		1			0.101694
4	25	5.000		1			0.732093
4	25	5.000		3			0.388056
4	25	5.000		1			0.045644
4	25	5.000		2			0.296811
4	25	5.000		2			0.316962
4	25	5.000		0			NaN
4	25	5.000		1			0.239072
4	25	5.000		1			0.281248
4	25	5.000		1			0.141862
4	25	5.000		0			NaN
4	25	5.000		2			0.549738
4	25	5.000		1			0.167102
4	25	5.000		2			0.400439
4	25	5.000		0			NaN
4	25	5.000		1			0.389592
4	25	5.000		2			0.500241
4	25	5.000		2			0.477454
4	25	5.000		1			0.504435
4	25	5.000		0			NaN
4	25	5.000		2			0.578798
4	25	5.000		2			0.525604
4	25	5.000		1			0.395258
4	25	5.000		0			NaN
4	25	5.000		2			0.331967
4	25	5.000		1			0.466561
4	25	5.000		0			NaN
4	25	5.000		0			NaN
4	25	5.000		0			NaN
4	25	5.000		3			0.735936
4	25	5.000		0			NaN
4	25	5.000		1			0.627883
4	25	5.000		2			0.762056
4	25	5.000		0			NaN
4	25	5.000		1			0.539014
4	25	5.000		2			0.155091
4	25	5.000		0			NaN
4	25	5.000		3			0.517923
4	25	5.000		0			NaN
4	25	5.000		0			NaN
4	25	5.000		0			NaN
4	25	5.000		3			0.273704
4	25	5.000		1			0.174064
4	25	5.000		0			NaN
4	25	5.000		1			0.225674
4	25	5.000		4			0.344203
4	25	5.000		1			0.735741
4	25	5.000		1			0.548070
4	25	5.000		1			0.315135
4	25	5.000		1			0.348153
4	25	5.000		0			NaN
4	25	5.000		0			NaN
4	25	5.000		1			0.435582
4	25	5.000		1			0.116371
4	25	5.000		0			NaN
4	25	5.000		1			0.059377
4	25	5.000		2			0.937483
4	25	5.000		4			0.324577
4	25	5.000		2			0.805471
4	25	5.000		2			0.344671
4	25	5.000		1			0.751751
4	25	5.000		0			NaN
4	25	5.000		2			0.416660
4	25	5.000		3			0.406316
4	25	5.000		4			0.419693
4	25	5.000		1			0.649895
4	25	5.000		1			0.427158
4	25	5.000		0			NaN
4	25	5.000		1			0.274384
4	25	5.000		0			NaN
4	25	5.000		0			NaN
4	25	5.000		1			0.565953
4	25	10.000		9			0.334789
4	25	10.000		6			0.522029
4	25	10.000		6			0.225936
4	25	10.000		6			0.388740
4	25	10.000		5			0.491964
4	25	10.000		2			0.432192
4	25	10.000		3			0.182855
4	25	10.000		5			0.444068
4	25	10.000		7			0.305058
4	25	10.000		3			0.305708
4	25	10.000		6			0.371683
4	25	10.000		5			0.257234
4	25	10.000		6			0.368247
4	25	10.000		8			0.281762
4	25	10.000		6			0.305207
4	25	10.000		3			0.382937
4	25	10.000		4			0.451310
4	25	10.000		9			0.349314
4	25	10.000		9			0.475312
4	25	10.000		8			0.366590
4	25	10.000		7			0.347998
4	25	10.000		4			0.392521
4	25	10.000		1			0.336093
4	25	10.000		3			0.480165
4	25	10.000		11			0.391201
4	25	10.000		7			0.368258
4	25	10.000		4			0.342593
4	25	10.000		6			0.384379
4	25	10.000		8			0.357815
4	25	10.000		5			0.275736
4	25	10.000		5			0.335371
4	25	10.000		5			0.526374
4	25	10.000		5			0.320896
4	25	10.000		5			0.445738
4	25	10.000		10			0.390915
4	25	10.000		4			0.523111
4	25	10.000		3			0.102498
4	25	10.000		7			0.474670
4	25	10.000		7			0.438916
4	25	10.000		6			0.520198
4	25	10.000		3			0.306443
4	25	10.000		5			0.295896
4	25	10.000		7			0.462214
4	25	10.000		2			0.433163
4	25	10.000		5			0.265420
4	25	10.000		6			0.457976
4	25	10.000		5			0.225371
4	25	10.000		6			0.397253
4	25	10.000		3			0.205287
4	25	10.000		9			0.355340
4	25	10.000		6			0.578448
4	25	10.000		3			0.365791
4	25	10.000		4			0.635662
4	25	10.000		6			0.363254
4	25	10.000		8			0.377238
4	25	10.000		3			0.438733
4	25	10.000		5			0.230089
4	25	10.000		7			0.251130
4	25	10.000		11			0.349965
4	25	10.000		7			0.308721
4	25	10.000		8			0.444418
4	25	10.000		4			0.399316
4	25	10.000		7			0.252614
4	25	10.000		6			0.434917
4	25	10.000		7			0.407164
4	25	10.000		9			0.403822
4	25	10.000		9			0.450168
4	25	10.000		2			0.262774
4	25	10.000		4			0.257000
4	25	10.000		5			0.456762
4	25	10.000		4			0.407925
4	25	10.000		4			0.307311
4	25	10.000		2			0.112964
4	25	10.000		7			0.569578
4	25	10.000		5			0.232301
4	25	10.000		8			0.372062
4	25	10.000		2			0.438624
4	25	10.000		8			0.522998
4	25	10.000		8			0.246757
4	25	10.000		7			0.354666
4	25	10.000		4			0.404089
4	25	10.000		5			0.366013
4	25	10.000		3			0.145921
4	25	10.000		8			0.271787
4	25	10.000		4			0.401521
4	25	10.000		5			0.287728
4	25	10.000		4			0.288664
4	25	10.000		5			0.198075
4	25	10.000		8			0.405975
4	25	10.000		9			0.336182
4	25	10.000		1			0.142791
4	25	10.000		6			0.411876
4	25	10.000		2			0.248411
4	25	10.000		6			0.312901
4	25	10.000		4			0.537750
4	25	10.000		3			0.429826
4	25	10.000		9			0.339283
4	25	10.000		3			0.446512
4	25	10.000		6			0.430383
4	25	10.000		8			0.453565
